446970332
339281727
635248237
613964871
360677687
473627300
107660537
745920206
393716677
820272872
285331360
405182739
229750722
665012552
776548418
8329710
478026615
277117331
158467738
525344692
903303976
167157742
79828067
226574729
990569175
932637759
962726691
157780279
336020927
80772529
972888769
316211763
886109583
122793724
814417200
59154081
841867783
500324046
820643
760208018
51679165
897877345
349732167
954821981
88551196
392264698
402182695
819970268
241116967
849732171
792389801
37705809
339375605
144554683
259856011
104584989
794718120
955695013
470044860
170843448
478450537
150096918
359117027
76142684
159783240
653718695
504958666
933175445
831604295
976281079
536604925
824473948
807768449
240657403
152653267
338885148
637600023
388357987
173164868
277413442
670529020
337178089
686137457
454474503
154404050
138586126
166192856
88504933
760645345
161882198
917220455
660589696
496175891
704150749
774107133
249084048
810611948
650115531
890086943
767636306
437252392
256952967
207120404
736496504
953275146
33119786
978795338
555983867
676091860
781105893
263240099
127262227
680858975
869850616
586220610
935690265
918773538
487698962
705114101
146528682
137021203
253052911
454373932
170781029
658300913
631836196
862763742
446642021
770116344
195651055
657090169
600374450
631329785
626145957
380240334
216116822
865185707
383899268
576525825
338361744
106105678
147601091
793076596
237458559
98236093
120565440
617938406
489618902
229530360
626304853
616749269
351234396
113652358
682942970
615626996
240270276
350487156
357252728
424432842
454985413
198187555
79371422
611815647
706481612
290192641
724880937
295149274
733576715
100627469
718185569
749847522
529988626
76256979
388921132
725886033
696629373
298249314
897113299
187728393
370189887
164893376
309162713
402918857
959267816
619753584
124415473
656500472
419214002
805772635
736414686
232117427
579013877
373463201
301374738
398719618
646286558
754285856
360172699
25232652
833974767
34178501
976863647
800891659
251152004
268278962
381015021
752427261
79431031
463999441
979562521
797988341
755456850
377703527
477209000
652736744
232908277
114228004
671032974
261807379
623987124
677602805
622361331
395618587
49549218
500197508
243366876
615013268
822475916
717050760
958537531
102748120
805584969
402010879
47363980
698397539
956599411
856991972
477925173
492456332
39171196
160647216
570137987
923763707
638599595
597023689
462353886
539062215
706245030
141625298
500897896
969083211
106800255
550253786
437859978
516945077
398651384
904215837
115075945
808260385
991503410
628674737
712957751
981930068
712161245
305608519
96031162
306180519
249601220
816697643
529778101
292027735
440259780
579281628
999333427
987296678
222814717
461224514
835395241
975357718
568984270
904179976
721344356
858273026
201597259
412023122
263535264
513273677
736455904
280189155
616188556
34775493
186692062
354809899
596962840
187982994
729090422
825181676
113315078
705534598
687070771
400323662
109237209
667681928
201106092
8825138
410286549
403949973
366444466
919412429
701889511
64568344
785827283
199817436
830047724
242777770
489285780
797795616
290218012
907105830
987299461
98405072
198025408
250410914
628315868
249401719
653326893
855608453
100444929
38340625
100520469
221224093
915349527
54461922
836064853
867397119
170555973
133085627
896687434
320859287
546636594
10228073
688012979
256623056
698348073
621560134
325473882
2032368
764656529
517206340
56032951
891525517
8381036
174995507
584141992
184685962
511427373
327104747
827176074
591755642
146945762
58636456
352552410
876738485
332625016
524833884
493104595
680592398
152557379
919912542
38333516
885548732
472867067
311422067
259758197
281634675
123779264
438807630
982399750
40131452
83607277
757802884
277189803
462546403
333690420
731731498
404530939
576938353
125188719
172342922
194974405
500085572
787595607
836806797
592873222
366471413
603572880
601011186
37720529
28447634
331353201
216833253
770585904
154151015
380640836
186243100
409310086
713899630
509073744
298220912
705519766
66239424
491723939
184666022
232394251
556887667
96406162
277235855
700015958
403291749
846218041
128673583
605925642
155773141
71711151
976788050
703593230
423568181
936952192
206673380
629243619
149938554
421879593
636808002
902829950
283430043
546719876
963660769
139985727
771845736
754869144
70045595
682174735
230636087
686024917
926137713
846332538
725039209
183259145
354197810
656418305
615826751
518013760
133625755
919317053
228731198
43384373
202173111
844377860
615337613
362186731
79419504
978822060
257215589
882693074
672835292
702252893
302090221
435117325
628099043
668183670
291582846
139548178
183562972
511779134
436140127
572265124
810738572
276334272
7480594
121608727
274928038
637081857
913038142
738820442
913094451
8955817
547484901
439000047
253832370
860960313
867328210
149634890
268136392
530539330
833705961
594757772
530436574
481724805
83709457
772930144
400807669
510531247
251916982
977745650
560912177
707616897
522200606
139658992
617954576
798654455
66441828
913461249
532461321
156448466
348408616
64978624
118478408
279243890
227968746
453317712
703122277
964682217
447200003
987724924
804816303
65552238
699971535
585968308
306685657
590625844
779337534
371969861
668595675
313173173
720245778
398348458
958325982
13758489
940428196
377241757
159888046
973810768
264414980
37281520
480355541
218480518
543615676
544486983
447358329
726321391
385623335
790167477
173348668
516473701
911589422
510259330
990139306
636632280
15256793
136034580
610162954
845472353
361942990
266458936
909132931
399747883
432503887
47579277
227961847
61197421
75228279
821316246
36226811
826265341
313164552
268156059
487407312
753371645
867973257
566011995
795500492
463132956
299899476
621119687
773932575
43761243
136582589
690979218
616501585
690788224
779605503
47794813
338995537
154424154
910934656
637017074
279140669
82407806
209159042
250610375
36284354
187631353
546388255
123035530
291238937
186535514
798750437
31015341
515996079
506686573
104667484
456539974
596197681
422109609
814968909
665326076
94363961
194219450
296751450
611790590
115669377
805250088
899783322
78470875
693251240
716351289
467122876
944987930
730087922
843447306
750975600
263050461
231533621
546709725
606039374
44462449
802168182
695530585
696570941
634732912
768146512
722543148
399494616
560457905
177977827
332742208
765899025
41171768
983383434
102598386
626180374
671323327
751494243
645661817
664434843
144304000
764653716
136761666
934873959
602891447
541245756
679319942
248225171
405918316
283277084
261842953
812999055
285586678
712086622
674036290
213234399
273653887
977702509
805368270
145898350
373278136
318572186
93235737
940022681
719779245
479381890
423925514
11192825
44579487
641125349
599550166
559385298
310635876
858987827
645535018
544067302
108724740
343959673
367080295
748003436
104406527
157748810
209088757
530466876
164103079
15568292
449812802
982160336
616730389
679739831
174484739
40545456
327702341
342456417
76447025
315437094
404175846
682368146
695205409
326021228
861509394
765602486
684714055
681642326
5621747
914770231
994340496
268084519
389681735
171391168
535398089
278666535
741474100
292967436
835788491
838842044
554371367
259909635
216989426
469423911
410019024
728091795
807103922
79576072
426579127
396598742
304767476
976067236
745801007
516122911
81201801
637044657
680422225
745879983
96222413
284681792
239404311
666360861
828398376
720521358
163505658
379169625
904570955
685727620
461299758
33690139
467620629
968225701
344899532
168613003
840280858
456779463
535158311
18651659
885944391
742466849
857725190
272652070
550708141
725143588
891053964
811519545
840613903
520858407
130888311
781152436
785793075
618454342
76031209
307836551
89157581
193574138
265191973
35563432
12893504
656961983
4286188
528777243
390368114
425091305
184754316
29051923
831082645
404910842
601769841
158203863
113705446
571778363
248040309
271093120
744974936
335244961
640713640
656667601
386297004
532038405
863417371
739760874
749225656
216151623
929942640
50406460
488429019
426241126
937168735
590361697
655968211
956719022
398998114
763220153
659823840
386815230
103526161
282495446
918900815
495971464
521673343
553361218
460097172
478589757
933124178
709011638
44012835
444049763
355896055
302910485
52384892
808662626
442860437
208410575
29565805
849420505
568882260
21743214
694675359
927734693
360206270
691193355
919039751
820433193
588277718
966643572
529575023
363992395
512122827
522566846
183136997
107873318
236557277
591686837
216682566
453750857
856029809
713018387
634376813
897362487
524837742
578360617
385517028
105735837
444301714
603087483
243176760
685826748
255138399
878517495
951851827
783725050
840560025
734896838
340551780
107368851
562762376
959078204
762569348
843993904
952886175
925238526
180828164
12867987
865466028
727754096
707569650
744552228
866148044
965727230
902408535
974953935
798986206
970978348
907050404
883492697
596341033
93279786
966464092
747494601
540608319
43634542
630438806
954947018
707334463
869559960
385170111
612518842
311339314
115589210
932430333
583380186
917426438
53444737
321726959
248715547
50857758
732497245
240473783
839300447
996143344
49764296
686639303
409653414
980057272
657312114
234172861
206745133
401069206
698319570
807556649
866857699
455631675
241745598
439617953
399845417
593043266
15947490
770081575
621754178
656496376
14478012
312180523
37640548
179195692
292665417
832104828
735648864
286711706
654219786
488594437
313549730
691542370
864506341
761014837
80912559
417152000
823881528
503520677
409033727
65295380
584188361
769705811
119183617
461029698
415052302
769162507
925971382
16681789
942067933
425297362
192258953
779812766
184452662
2508861
818582264
829967112
691211575
984737794
875348840
732381696
337310622
645176160
759502374
17046440
60142454
415059928
267209390
302341667
